46001
46011
46012
46013
46016
46017
46030
46031
46032
46033
46034
46035
46036
46037
46038
46039
46040
46041
46044
46048
46049
46050
46051
46052
46055
46056
46057
46058
46060
46062
46064
46065
46068
46069
46070
46071
46072
46074
46075
46076
46077
46104
46105
46106
46107
46110
46112
46113
46115
46117
46118
46120
46121
46122
46123
46124
46126
46127
46128
46130
46131
46133
46135
46140
46142
46143
46147
46148
46149
46150
46151
46155
46156
46157
46158
46160
46161
46162
46163
46164
46165
46166
46167
46168
46171
46172
46173
46175
46176
46180
46181
46182
46184
46186
46201
46202
46203
46204
46205
46208
46214
46216
46217
46218
46219
46220
46221
46222
46224
46225
46226
46227
46228
46229
46231
46234
46235
46236
46237
46239
46240
46241
46250
46254
46256
46259
46260
46268
46278
46280
46290
46902
46923
46979
47003
47006
47010
47012
47016
47024
47030
47036
47041
47060
47201
47203
47232
47234
47235
47236
47240
47244
47246
47264
47272
47274
47283
47302
47303
47304
47305
47306
47320
47325
47327
47330
47331
47334
47336
47338
47339
47340
47341
47342
47345
47346
47348
47352
47353
47354
47355
47356
47357
47358
47360
47362
47368
47373
47374
47380
47382
47383
47384
47385
47386
47387
47390
47392
47393
47394
47396
47401
47403
47404
47405
47406
47408
47421
47427
47429
47431
47433
47436
47438
47448
47456
47460
47462
47468
47802
47803
47804
47805
47807
47809
47832
47833
47834
47836
47837
47838
47840
47841
47842
47846
47847
47848
47849
47850
47854
47858
47859
47861
47862
47866
47868
47872
47874
47879
47882
47885
47901
47904
47905
47906
47907
47909
47917
47918
47920
47921
47928
47930
47932
47933
47940
47944
47949
47952
47954
47955
47967
47968
47970
47974
47975
47981
47987
47989
47990
47991
47992
47993
47994
